   10.1000004               0
   10.3000002               0
   10.5000000               0
   10.6999998               0
   10.8999996               0
   11.1000004               0
   11.3000002               0
   11.5000000               0
   11.6999998               1
   11.8999996               2
   12.1000004               3
   12.3000002               8
   12.5000000              13
   12.6999998              25
   12.8999996              31
   13.1000004              55
   13.3000002              90
   13.5000000             106
   13.6999998             148
   13.8999996             216
   14.1000004             273
   14.3000002             326
   14.5000000             389
   14.7000008             468
   14.8999996             506
   15.1000004             573
   15.3000002             562
   15.5000000             564
   15.7000008             532
   15.8999996             483
   16.1000004             450
   16.2999992             407
   16.5000000             310
   16.7000008             266
   16.8999996             211
   17.1000004             162
   17.2999992             168
   17.5000000             165
   17.7000008             145
   17.8999996             141
   18.1000004             162
   18.2999992             136
   18.5000000             170
   18.7000008             200
   18.9000015             234
   19.1000004             264
   19.2999992             256
   19.5000000             284
   19.7000008             291
   19.9000015             342
   20.1000004             340
   20.2999992             339
   20.5000000             335
   20.7000008             390
   20.9000015             359
   21.1000004             407
   21.2999992             384
   21.5000000             376
   21.7000008             415
   21.9000015             455
   22.1000004             380
   22.2999992             419
   22.5000000             379
   22.7000008             411
   22.9000015             378
   23.1000004             370
   23.2999992             357
   23.5000000             346
   23.7000008             295
   23.9000015             293
   24.1000004             246
   24.2999992             252
   24.5000000             239
   24.7000008             178
   24.9000015             202
   25.1000004             178
   25.2999992             165
   25.5000000             134
   25.7000008             114
   25.9000015             113
   26.1000004              94
   26.3000011              84
   26.5000000              86
   26.7000008              57
   26.8999996              50
   27.1000004              57
   27.3000011              31
   27.5000000              39
   27.7000008              18
   27.8999996              13
   28.1000004              19
   28.3000011              13
   28.5000000               9
   28.7000008               7
   28.8999996               5
   29.1000004               7
   29.3000011               3
   29.5000000               5
   29.7000008               1
   29.8999996               5
